   0.0000000000000000       -1.7182818284590431       -27.182818284590450        0.0000000000000000     
   7.8539816339744828E-002  -1.5625844802144886       -24.396074563420566        7.2164496600635175E-016
  0.15707963267948966       -1.2682477745606220       -17.251522063095273        1.1303182079849692     
  0.23561944901923448      -0.87620063968700057       -8.2947652190003751      -0.27149533953407612     
  0.31415926535897931      -0.43791193920569571      -0.16810725095057555        1.0824674490095276E-016
  0.39269908169872414        6.8269943725024351E-016   5.5231682489286946       -1.1303182079849694     
  0.47123889803846897       0.40524891091205428        8.4901937213884136       -4.4336849848664046E-002
  0.54977871437821380       0.76169568252496600        9.3393502653195490        5.4742404420937436E-003
  0.62831853071795862        1.0658291641154360        8.9641149428968241       -4.8980427556992203E-018
  0.70685834705770345        1.3214468806808299        8.1267811798690683        1.1102230246251565E-016
  0.78539816339744828        1.5350462902522319        7.3117617047431942        5.4292631191407063E-004
  0.86393797973719311        1.7128564887002353        6.7558604446573653      -0.27154031685703073     
  0.94247779607693793        1.8593667251714434        6.5391465694760580       -6.4512959539029361E-017
   1.0210176124166828        1.9768168250823948        6.6678877275362680       -1.9984014443252817E-017
   1.0995574287564276        2.0651452587535895        7.1273325651317032       -3.1984364623616200E-006
   1.1780972450961724        2.1220682027635016        7.9044998889410198        1.9921248073971289E-007
   1.2566370614359172        2.1431473681248447        8.9846063628597967        4.6116956407506505E-017
   1.3351768777756621        2.1218695912947476        10.320175012066443       -4.4336849848663790E-002
   1.4137166941154069        2.0499316732749584        11.768836927979791        1.1036771737719298E-008
   1.4922565104551517        1.9181143196839785        13.004426730052895       -5.5058955964328070E-010
   1.5707963267948966        1.7182818284590446        13.436563656918089        8.6289611319876031E-017
   1.6493361431346414        1.4469713515629430        12.225453108119662        2.5935537870341773E-017
   1.7278759594743862        1.1104374015459308        8.5135307640911151       -2.4979531648978594E-011
   1.8064157758141310       0.72971975684297252        1.9294311139850273       -5.4742404410545627E-003
   1.8849555921538759       0.34274358113087450       -6.8111253173170274       -5.5893986756990640E-017
   1.9634954084936207       -3.8095812372403970E-016  -15.667102988851479        3.4286299289894542E-017
   2.0420352248333655      -0.24743853789736242       -21.854247066226819        3.9991539491732989E-014
   2.1205750411731104      -0.36408310964503215       -23.168272481518912       -1.3331129770308669E-015
   2.1991148575128552      -0.34274358113087566       -19.233035704715387       -5.0720848840743190E-018
   2.2776546738526000      -0.20668760223091232       -11.719869731919218       -5.4292631191395766E-004
   2.3561944901923448       -1.3172933000296643E-015  -3.3602909258017828       -7.6143614520751882E-017
   2.4347343065320897       0.22824827547260226        3.4680847612932579        1.4795773771755491E-017
   2.5132741228718345       0.43791193920569488        7.6178034372377486        4.4927313058761199E-017
   2.5918139392115793       0.60461644789891267        9.1706687842578525        8.5946575527016434E-017
   2.6703537555513241       0.71939547790610614        8.8965553138086140        1.0719394720518753E-017
   2.7488935718910690       0.78418502740657137        7.6821307516880051       -4.4977322954259337E-005
   2.8274333882308138       0.80652917775948918        6.2068963474142969       -6.7296595646509489E-017
   2.9059732045705586       0.79546721456449487        4.8699883118100020       -1.6963870455684798E-017
   2.9845130209103035       0.75909150179278972        3.8520431523718139        7.3605946383988276E-018
   3.0630528372500483       0.70343340621215444        3.2084520371308431        2.8476926663990352E-017
   3.1415926535897931       0.63212055882855689        2.9430355293715391       -2.2425951370233835E-017
   3.2201324699295379       0.54635417158610255        3.0500836640119409       -3.1984364624069329E-006
   3.2986722862692828       0.44494493479873537        3.5276504714415187       -1.6577990865443514E-017
   3.3772121026090276       0.32432424644345892        4.3646419377098296       -1.2790455979573323E-017
   3.4557519189487724       0.17861195284975007        5.4991575357546276        4.2348713310444113E-017
   3.5342917352885173        5.2704536702017457E-016   6.7451926714644550        5.6925114517337032E-017
   3.6128315516282621      -0.22009879382292008        7.6997486096173997       -9.0074698224305149E-018
   3.6913713679680069      -0.48858215730931309        7.6813037553421157       -1.9921248063704722E-007
   3.7699111843077517      -0.80652917775948973        5.8032998223392749       -2.4051625316836147E-017
   3.8484510006474966       -1.1639015589791710        1.2983133642159825       -1.1261846975031540E-017
   3.9269908169872414       -1.5350462902522302       -5.9105601427531536        6.2073172303323446E-018
   4.0055306333269858       -1.8783554564824050       -14.668547105788274        4.0751908658692972E-017
   4.0840704496667311       -2.1431473681248439       -22.588475924285206       -1.0331469800795401E-017
   4.1626102660064763       -2.2836272005761771       -26.927392804188450       -1.1036771728953990E-008
   4.2411500823462207       -2.2747778142507746       -26.001167002481754       -3.2394178663720323E-017
   4.3196898986859651       -2.1220682027635043       -20.172452822173842       -5.2328983326281267E-018
   4.3982297150257104       -1.8593667251714447       -11.632132508940380        1.2516527092907816E-017
   4.4767695313654556       -1.5362981295836704       -3.1519766295665601        6.3949901062137874E-018
   4.5553093477052000       -1.2021463951050240        3.2377252080281735       -2.0635380445823873E-017
   4.6338491640449444      -0.89392858316448598        6.8295242540224592       -5.5058961071480862E-010
   4.7123889803846897      -0.63212055882855811        7.9999999999999973       -1.3615942754836826E-017
   4.7909287967244349      -0.42278561504344647        7.6084978759557149        5.0779431479736892E-018
   4.8694686130641793      -0.26265212337599364        6.4930313719168842       -2.4235637751692608E-017
   4.9480084294039237      -0.14414829513189689        5.2387672685148354        1.6788738421160903E-018
   5.0265482457436690       -5.8962938177473050E-002   4.1635991712364655       -1.3918405723349523E-017
   5.1050880620834143       -7.6450862833003981E-017   3.3991500556187346       -2.4979565205298362E-011
   5.1836278784231586        3.7805982400177518E-002   2.9804126288767723       -1.4259745270414855E-017
   5.2621676947629030        5.7272734151249546E-002   2.9087674048667416       -7.1008214193830234E-018
   5.3407075111026483        5.8962938177473376E-002   3.1837063499062093       -1.2954201238063624E-018
   5.4192473274423936        4.1188634448738132E-002   3.8071830707882222       -8.2768665946769417E-017
   5.4977871437821380        8.0698617565019703E-016   4.7614924877917693       -1.1953461602815715E-017
   5.5763269601218823       -7.0702953770943239E-002   5.9570097827917659       -1.0391445264449855E-012
   5.6548667764616276      -0.17861195284974887        7.1496113279983362       -1.4337884088258575E-017
   5.7334065928013729      -0.33150292268326115        7.8499852364038132        5.5916342116157519E-018
   5.8119464091411173      -0.53424536081697083        7.2933870171972126       -1.2155726546990766E-017
   5.8904862254808616      -0.78418502740656559        4.5862301687052165       -1.7394006266082297E-015
   5.9690260418206069       -1.0658291641154369      -0.87584606261026932       -1.9304050860696925E-018
   6.0475658581603522       -1.3473436078080347       -8.8001115931004978       -3.9926960846895652E-014
   6.1261056745000966       -1.5823943415546762       -17.575914744025571       -1.1315594395202196E-017
   6.2046454908398410       -1.7196637148405398       -24.554442936539427       -2.9125151176924781E-018
